ID	P0_1	P0_2	P0_3	P0_4	P50_1	P50_2	P50_3	P50_4	P100_1	P100_2	P100_3	P100_4	P200_1	P200_2	P200_3	P200_4
phoP	0.000215716	0.000216697	0.000233295	0.000224101	0.000194577	0.000231059	0.000210502	0.000213577	0.000222959	0.000226461	0.000225633	0.000217844	0.000207387	0.000211245	0.00019453	0.000199326
phoR	0.000720953	0.000746039	0.000773056	0.000782544	0.000719095	0.000800114	0.000745714	0.000758705	0.000784273	0.000760048	0.000768653	0.000790199	0.000743822	0.000725843	0.000737379	0.000713896
phoU	0.000372956	0.000378146	0.000393845	0.000371117	0.000378625	0.000388473	0.000393101	0.000379176	0.000379704	0.000381577	0.000387837	0.000375966	0.000374199	0.000380314	0.00038498	0.000374356
phoB	0.000190801	0.000194173	0.000199837	0.000190155	0.000194894	0.000217634	0.000191989	0.000205159	0.0001994	0.000199653	0.00019313	0.000197618	0.000201129	0.000192186	0.000194403	0.000181884
cqsS	0.0000172	0.0000214	0.0000251	0.0000238	0.0000328	0.0000262	0.0000277	0.0000264	0.0000225	0.0000293	0.0000213	0.0000277	0.000032	0.0000291	0.0000329	0.0000303
bglF	0.00000049	0.00000088	0.000000364	0.000000314	0.00000135	0.000000844	0.000000466	0.00000153	0.000000893	0.000000914	0.00000158	0.00000082	0.000000673	0.00000123	0.00000147	0.00000156
ugpB	0.000189642	0.000181539	0.000176581	0.000178605	0.000179536	0.000187256	0.000187661	0.000190206	0.000193836	0.000188321	0.000185714	0.000172745	0.000186864	0.000176388	0.00018452	0.000179237
phnE	0.0001785	0.000191843	0.000193097	0.000195499	0.000209617	0.000187946	0.00020331	0.000194916	0.000173985	0.000191489	0.000179087	0.000180193	0.000197428	0.000183055	0.000200524	0.000190096
ugpE	0.000099	0.0000979	0.000103471	0.0000937	0.000108608	0.000111694	0.000105884	0.000107672	0.0000999	0.0000959	0.0000933	0.000102294	0.00010154	0.000100151	0.0000977	0.0000982
pit	0.000473817	0.000474714	0.000490394	0.000485603	0.000475518	0.000477307	0.000494723	0.000489144	0.000503891	0.00048247	0.000482587	0.000502245	0.000492293	0.000484306	0.000516962	0.000517149
pstB	0.000473638	0.000489472	0.000482135	0.000489847	0.000470768	0.000463345	0.000478741	0.000480137	0.000471814	0.000481008	0.000479905	0.000458034	0.000465377	0.000469088	0.000467421	0.000463873
oprO_P	0.000206133	0.000215869	0.000243314	0.000228815	0.000209855	0.000243947	0.000214831	0.000216344	0.000241574	0.00023627	0.00021806	0.000219416	0.000225085	0.000209868	0.000219014	0.000182359
pstS	0.000694836	0.000705548	0.000706262	0.00071489	0.000685531	0.000719182	0.000695303	0.000681705	0.000702673	0.000715694	0.00071327	0.000712846	0.000696652	0.000703305	0.000687391	0.000679487
pstC	0.000599056	0.000602247	0.000583481	0.000596711	0.000577002	0.000594831	0.000579497	0.000586042	0.000589407	0.000582328	0.000593274	0.000584449	0.000589257	0.000588008	0.000589775	0.000590038
yjbB	0.000128939	0.000129449	0.000136504	0.000132166	0.000161963	0.000141842	0.000143642	0.000144171	0.000143076	0.000135986	0.000135775	0.000140834	0.000160352	0.00013182	0.000145117	0.000146186
ugpA	0.0000898	0.0000897	0.000100192	0.0000845	0.0000963	0.0000947	0.0000998	0.0000997	0.0000979	0.000100284	0.0000917	0.0000916	0.000094	0.0000938	0.0000967	0.0000934
K05833	0.0000204	0.0000194	0.0000171	0.0000207	0.0000175	0.0000183	0.0000167	0.0000205	0.0000188	0.0000218	0.0000156	0.0000191	0.0000173	0.0000221	0.0000188	0.0000174
phnD	0.000217498	0.000219545	0.000213743	0.000220329	0.000224737	0.000215256	0.000227017	0.000228295	0.000231202	0.000218723	0.000214115	0.000206228	0.000219903	0.000231826	0.000222393	0.000234074
ppk	0.001153945	0.001182799	0.001237643	0.001221866	0.001172052	0.00120416	0.001202745	0.001198222	0.001228819	0.001197799	0.001217237	0.00119343	0.001211419	0.00120138	0.001217743	0.001184284
K07220	0.000266926	0.000266975	0.000274951	0.000269518	0.000260439	0.000259212	0.000259382	0.000273683	0.00026898	0.000261066	0.000262319	0.000270597	0.000265526	0.000261683	0.00024879	0.000273166
phnC	0.000103044	0.000101022	0.000104503	0.000103407	0.000110429	0.00010548	0.000108414	0.00010255	0.0000931	0.000107595	0.000100746	0.000100791	0.00010255	0.000105079	0.000105905	0.000106009
pstA	0.000556404	0.000549795	0.000545894	0.000540921	0.000550404	0.000547115	0.000542071	0.000547012	0.000546889	0.000539801	0.000547989	0.000554383	0.000554401	0.000544455	0.00053067	0.000554136
ugpC	0.0000818	0.0000848	0.0000873	0.000086	0.0000884	0.0000921	0.0000848	0.0000912	0.0000887	0.000089	0.0000891	0.0000915	0.0000968	0.0000823	0.0000944	0.0000858
phnV	0.000000535	0.000000777	0.00000085	0.000000629	0.000000396	0.000000307	0.000000666	0.000000471	0.000000481	0.000000914	0.000000947	0.000000888	0.00000175	0.00000109	0.00000153	0.00000129
glpP	0.0000033	0.00000326	0.00000298	0.00000173	0.00000325	0.00000253	0.000003	0.00000212	0.00000488	0.00000366	0.00000323	0.00000232	0.00000316	0.0000037	0.00000198	0.00000387
glpR	0.0000438	0.0000456	0.0000403	0.0000439	0.0000494	0.0000436	0.0000577	0.0000513	0.0000445	0.00005	0.0000487	0.0000458	0.0000478	0.0000477	0.0000549	0.0000521
glpT	0.0000377	0.0000344	0.0000375	0.0000383	0.0000371	0.0000446	0.0000408	0.0000431	0.0000345	0.0000369	0.0000477	0.0000397	0.0000371	0.0000307	0.0000447	0.0000348
GLPF	0.000151892	0.000144724	0.000142819	0.000139081	0.000144152	0.000127343	0.000144042	0.000143229	0.000129132	0.000132391	0.00014682	0.000133727	0.000131619	0.00014769	0.000143395	0.000148426
gcd	0.000899766	0.000950931	0.000979694	0.000958949	0.000911772	0.001026954	0.000874906	0.00095992	0.000993564	0.000991322	0.000959968	0.000951395	0.00090451	0.000811718	0.000858331	0.000770972
ppx	0.000897002	0.000867721	0.000879077	0.000861514	0.0008828	0.000874372	0.000877503	0.000846244	0.000859211	0.000857346	0.000865375	0.00086188	0.000854446	0.000854402	0.000838501	0.000837007
ppa	0.000231449	0.000231661	0.000254062	0.000249245	0.000230832	0.0002385	0.000247528	0.000245249	0.00024178	0.000246444	0.000240229	0.000241078	0.000248703	0.000236609	0.000260203	0.000243236
glpC	0.0000497	0.0000409	0.0000341	0.0000404	0.0000379	0.0000328	0.0000376	0.0000356	0.0000394	0.0000383	0.0000374	0.0000364	0.0000301	0.0000316	0.0000312	0.0000406
pqqC	0.000146277	0.00013442	0.000120595	0.000120694	0.000122145	0.000115223	0.000115673	0.000112263	0.00012666	0.000111677	0.000118813	0.000115277	0.000113047	0.000120805	0.000113683	0.000123451
pqqE	0.0000927	0.0000881	0.0000801	0.0000827	0.0000886	0.0000714	0.0000872	0.0000839	0.0000832	0.0000788	0.0000872	0.0000777	0.000082	0.000081	0.0000916	0.0000958
pqqB	0.0000777	0.0000699	0.0000669	0.0000664	0.0000801	0.0000632	0.0000731	0.0000738	0.0000746	0.0000695	0.0000729	0.0000655	0.0000656	0.0000735	0.0000669	0.0000653
pqqD	0.0000123	0.000011	0.0000124	0.00000998	0.0000139	0.0000089	0.00000753	0.0000131	0.0000116	0.00000859	0.0000082	0.00000813	0.0000104	0.0000105	0.0000107	0.0000122
glpB	0.0000434	0.0000378	0.0000358	0.0000378	0.0000367	0.0000344	0.0000378	0.000034	0.0000357	0.0000327	0.0000357	0.0000309	0.000031	0.0000375	0.0000305	0.0000384
ptsP	0.000218613	0.000203079	0.000239975	0.000244373	0.00023669	0.000224462	0.000221956	0.000229119	0.000210252	0.000242423	0.000230288	0.000227206	0.000227642	0.000207332	0.000228132	0.0001922
aphA	0.000000936	0.000000777	0.000000789	0.00000055	0.000000158	0.000000614	0.000000866	0.000000706	0.000000206	0.000000609	0	0.00000116	0.000000807	0.000000362	0.000000829	0.000000543
phnL	0.000019	0.000021	0.0000236	0.0000238	0.0000234	0.0000221	0.0000273	0.0000235	0.000024	0.0000195	0.0000189	0.0000211	0.0000232	0.0000188	0.0000253	0.0000191
IMPA	0.000592416	0.000586092	0.00056405	0.000579503	0.000560537	0.000556474	0.000574302	0.00056532	0.000547645	0.000557531	0.000548226	0.000543313	0.000561332	0.000558369	0.000561339	0.000589427
opd	0.000180238	0.000157254	0.000155085	0.00015566	0.000153018	0.000148056	0.000154231	0.00014682	0.000158599	0.000143419	0.000148161	0.00015368	0.000138819	0.000145154	0.000128029	0.000144625
rsbU_P	0.000783306	0.000753754	0.000763766	0.000746556	0.000712446	0.000763292	0.000694837	0.000729742	0.000770261	0.000735068	0.000745064	0.000702391	0.000684338	0.000662071	0.000636511	0.000659263
thrH	0.00000682	0.0000058	0.00000747	0.0000077	0.00000871	0.00000852	0.00000872	0.00000942	0.00000701	0.00000877	0.0000125	0.00000902	0.00000774	0.00000551	0.0000114	0.00000706
olpA	0.0000188	0.0000258	0.0000252	0.0000229	0.0000223	0.000025	0.000023	0.0000244	0.0000269	0.0000256	0.0000273	0.0000229	0.0000269	0.0000198	0.0000279	0.0000196
phoN	0.000015	0.0000187	0.0000189	0.0000177	0.0000173	0.0000217	0.0000211	0.000022	0.0000181	0.0000178	0.000015	0.0000187	0.0000199	0.0000181	0.0000196	0.0000156
aceK	0.0000936	0.000110031	0.000116769	0.000124387	0.000129744	0.000131793	0.000137049	0.000129983	0.000129201	0.000136778	0.000144295	0.000132429	0.000138954	0.00013211	0.000152577	0.000133631
phoD	0.000869458	0.000875591	0.000862075	0.000888387	0.000855489	0.000870536	0.000849067	0.000848187	0.000867523	0.00086551	0.000851964	0.000856755	0.00083076	0.000820052	0.000830021	0.000847052
kdsC	0.0000605	0.0000625	0.0000653	0.0000593	0.0000705	0.0000686	0.0000665	0.0000712	0.0000659	0.0000725	0.0000671	0.0000707	0.0000707	0.0000647	0.0000729	0.0000668
phnF	0.0000185	0.0000189	0.0000238	0.0000215	0.0000249	0.0000199	0.000023	0.0000193	0.0000167	0.0000218	0.000022	0.0000211	0.0000209	0.000018	0.0000217	0.0000227
phnH	0.0000152	0.0000165	0.0000186	0.00002	0.0000199	0.0000196	0.0000171	0.0000141	0.0000161	0.0000155	0.0000157	0.0000189	0.0000198	0.0000167	0.0000199	0.0000189
E3.1.3.8	0.000160806	0.000158445	0.00017573	0.000168861	0.000166791	0.000169612	0.00016675	0.000164245	0.000161828	0.00018497	0.000170961	0.000162495	0.000174954	0.000173779	0.000168261	0.000169465
phnI	0.0000356	0.0000418	0.0000387	0.0000453	0.0000432	0.0000415	0.000043	0.0000422	0.0000383	0.0000389	0.0000313	0.0000379	0.0000394	0.0000428	0.0000395	0.000038
phnN	0.0000123	0.0000149	0.0000185	0.0000152	0.0000171	0.000011	0.0000187	0.0000135	0.0000134	0.0000136	0.0000151	0.0000139	0.0000179	0.0000153	0.0000137	0.0000149
phnX	0.0000103	0.00000885	0.00000619	0.0000066	0.00000902	0.00000583	0.00000792	0.00000701	0.00000762	0.00000999	0.0000125	0.00000717	0.0000104	0.00000942	0.0000136	0.00000808
phnA	0.0000152	0.0000185	0.0000177	0.0000207	0.00002	0.0000206	0.0000231	0.0000264	0.0000179	0.0000274	0.0000222	0.000025	0.0000247	0.0000238	0.0000288	0.0000246
appA	0.00000406	0.00000285	0.00000346	0.0000033	0.00000459	0.00000414	0.00000499	0.00000377	0.00000364	0.00000408	0.00000355	0.00000355	0.00000343	0.00000297	0.00000319	0.00000292
TPS	0.000128538	0.00014141	0.000150713	0.000142381	0.000126578	0.000155573	0.000137049	0.000141463	0.00014232	0.000144942	0.000144532	0.000135914	0.000147701	0.000138922	0.000136509	0.000123247
phnG	0.00000758	0.00000984	0.00000978	0.0000137	0.00000776	0.000012	0.0000115	0.00000936	0.0000102	0.00000548	0.000011	0.00000608	0.0000118	0.0000109	0.0000124	0.0000113
TPT1	0	0.000000311	0.00000085	0.00000055	0	0.000000153	0.000000466	0.000000235	0.000000343	0.000000244	0.000000868	0.000000342	0.000000538	0	0.000000191	0.000000204
phnM	0.0000548	0.0000598	0.0000667	0.0000669	0.0000674	0.0000654	0.0000675	0.0000671	0.0000615	0.000068	0.0000592	0.0000603	0.000063	0.0000574	0.0000632	0.0000646
phnP	0.000126354	0.000130433	0.000152656	0.000142381	0.000134019	0.000137393	0.000132521	0.000135164	0.000140947	0.000138058	0.000138772	0.00014138	0.000136329	0.000123848	0.000131918	0.000118496
PhoH2	0.000309712	0.000332166	0.000335369	0.000329315	0.000355035	0.000335081	0.000354411	0.000348152	0.000323449	0.000349652	0.000335373	0.000338793	0.000380793	0.000356544	0.000366745	0.000366008
gph	0.000279985	0.000285305	0.000300697	0.000303463	0.000320205	0.000298259	0.000311857	0.000302941	0.000288419	0.000304872	0.00029285	0.000305174	0.000313369	0.000295164	0.000316183	0.000304385
rsbX	0.000000312	0.000000725	0.000000729	0.000000393	0.00000103	0	0.000000466	0.000000883	0.000000412	0.000000305	0.000000868	0.000000205	0.00000101	0.00000116	0.000000638	0.00000143
phnW	0.000055	0.0000475	0.0000444	0.0000408	0.0000579	0.0000442	0.0000392	0.0000475	0.0000484	0.0000463	0.0000483	0.0000467	0.0000441	0.0000397	0.000047	0.0000469
phoA	0.000162856	0.000164296	0.000161461	0.000166504	0.000166317	0.000171606	0.000166351	0.000176843	0.000180305	0.000189174	0.000166464	0.000168645	0.000175155	0.000185229	0.000174574	0.000181274
VTC4	0.000000579	0.000000259	0.000000911	0.000000236	0.000000158	0	0.000000666	0.000000118	0.000000275	0.00000116	0.000000158	0.000000273	0.00000114	0.000000507	0.000000765	0.000000543
ptsI	0.000489416	0.00049408	0.00052458	0.000507605	0.00051969	0.000529702	0.000515634	0.000510278	0.000507326	0.000520732	0.000485349	0.000507438	0.000531388	0.000517207	0.000519385	0.000490748
serB	0.000201453	0.000209707	0.000215746	0.000224729	0.000222125	0.000209886	0.00021816	0.000216226	0.000214442	0.000220429	0.000218296	0.000209576	0.000234371	0.000216101	0.000230746	0.000229595
ugpQ	0.000899766	0.000925248	0.000887821	0.000923432	0.0009337	0.000867545	0.000926715	0.000904819	0.000882634	0.000873308	0.000894329	0.000890511	0.000884727	0.000930204	0.000923684	0.000948445
serB-plsC	0.0000524	0.0000545	0.0000549	0.0000571	0.0000556	0.0000539	0.0000583	0.0000614	0.0000574	0.0000593	0.000048	0.0000624	0.0000523	0.000058	0.0000617	0.0000531
phnJ	0.0000296	0.0000364	0.0000367	0.0000347	0.0000346	0.000034	0.0000408	0.0000344	0.0000321	0.0000311	0.0000289	0.0000322	0.0000327	0.0000312	0.0000393	0.0000389
phnK	0.0000282	0.0000241	0.0000298	0.000029	0.0000269	0.0000262	0.0000314	0.00003	0.0000219	0.0000242	0.0000264	0.00003	0.0000299	0.0000288	0.0000261	0.0000283
pepM	0.0000452	0.00004	0.0000346	0.0000414	0.000032	0.0000359	0.0000338	0.0000353	0.0000427	0.0000406	0.0000376	0.0000321	0.000039	0.0000349	0.0000334	0.0000328
E1.1.3.21	0.000000669	0.00000057	0.000000486	0.000000471	0.000000317	0.000000384	0.000000266	0.000000706	0.00000055	0.000000609	0.0000011	0.000000273	0	0.000000435	0.000000574	0.000000407
glpK	0.000828143	0.000829715	0.000828435	0.000815075	0.000827625	0.000796892	0.000820499	0.000790966	0.000787364	0.00077467	0.000791295	0.000794914	0.000800816	0.000802949	0.000817588	0.000822008
